n results 3249 score formula: adgrealizedPADstd, PAD max: [0.01, 0.01] loss_profit_ratio max: [0.1, 0.1]
results long best config no 2462
symbol               adg      PADmean  PADstd   lp_ratio score
UNIUSDT              0.000042 0.039885 0.021214 0.852004 0.015716
EOSUSDT              0.000143 0.035089 0.016679 0.687285 0.015716
LTCUSDT              0.000212 0.031608 0.015001 0.556806 0.015716
BTCUSDT              0.000241 0.015220 0.014645 0.504540 0.015716
XRPUSDT              0.000404 0.025591 0.013907 0.384533 0.015716
TRXUSDT              0.000434 0.015994 0.013207 0.184199 0.015716
ETHUSDT              0.000496 0.013221 0.012524 0.041469 0.015716
ETCUSDT              0.000660 0.017598 0.013238 0.105713 0.015716
ATOMUSDT             0.000664 0.021946 0.014917 0.201532 0.015716
ADAUSDT              0.000668 0.015672 0.014551 0.098727 0.015716
XLMUSDT              0.000682 0.014233 0.013793 0.059935 0.015716
VETUSDT              0.000773 0.022169 0.015056 0.183614 0.015716
AVAXUSDT             0.000785 0.047033 0.027265 0.543306 0.015716
FLOWUSDT             0.000819 0.010251 0.013371 0.000000 0.015716
DOTUSDT              0.000864 0.012377 0.014033 0.033242 0.015716
LINKUSDT             0.000871 0.012943 0.013847 0.038775 0.015716
ALGOUSDT             0.000927 0.011121 0.013137 0.000648 0.015716
MANAUSDT             0.000958 0.014019 0.014558 0.047337 0.015716
DOGEUSDT             0.000965 0.012790 0.013072 0.031990 0.015716
NEARUSDT             0.001069 0.013549 0.014775 0.036616 0.015716
GRTUSDT              0.001158 0.014515 0.014171 0.049414 0.015716
MATICUSDT            0.001183 0.013832 0.014759 0.056266 0.015716
1000SHIBUSDT         0.001200 0.019653 0.014153 0.095949 0.015716
SOLUSDT              0.001639 0.020555 0.019097 0.287912 0.015716
means                0.000744 0.019619 0.015207 0.211742 
results short best config no 3232
symbol               adg      PADmean  PADstd   lp_ratio score
SOLUSDT              -0.000288 0.045629 0.055230 1.296668 0.001666
VETUSDT              -0.000236 0.038411 0.046082 2.077162 0.001666
ETHUSDT              -0.000064 0.033654 0.047353 1.506935 0.001666
BTCUSDT              0.000071 0.030481 0.045446 0.488523 0.001666
EOSUSDT              0.000118 0.030494 0.041167 0.096187 0.001666
LTCUSDT              0.000123 0.030357 0.040236 0.000000 0.001666
TRXUSDT              0.000133 0.028031 0.040342 0.000000 0.001666
ADAUSDT              0.000168 0.029290 0.040064 0.000000 0.001666
DOTUSDT              0.000169 0.030378 0.043497 0.000000 0.001666
FLOWUSDT             0.000171 0.031054 0.039858 0.000000 0.001666
XLMUSDT              0.000173 0.028310 0.038281 0.000000 0.001666
LINKUSDT             0.000177 0.028602 0.040472 0.000000 0.001666
XRPUSDT              0.000179 0.029351 0.036802 0.000000 0.001666
MATICUSDT            0.000193 0.034455 0.040901 0.376685 0.001666
ETCUSDT              0.000205 0.027562 0.035708 0.008003 0.001666
ATOMUSDT             0.000207 0.030003 0.042281 0.000000 0.001666
ALGOUSDT             0.000209 0.029899 0.040053 0.000000 0.001666
MANAUSDT             0.000254 0.029325 0.039335 0.000000 0.001666
GRTUSDT              0.000266 0.028955 0.037671 0.000000 0.001666
UNIUSDT              0.000306 0.030628 0.041283 0.000000 0.001666
NEARUSDT             0.000311 0.030681 0.043374 0.000000 0.001666
1000SHIBUSDT         0.000316 0.027097 0.032817 0.000000 0.001666
DOGEUSDT             0.000418 0.027450 0.031691 0.000000 0.001666
AVAXUSDT             0.000461 0.034548 0.047917 0.268501 0.001666
means                0.000168 0.031027 0.041161 0.254944 

sum adgs
EOSUSDT      0.000261
BTCUSDT      0.000312
LTCUSDT      0.000335
UNIUSDT      0.000348
ETHUSDT      0.000431
VETUSDT      0.000538
TRXUSDT      0.000567
XRPUSDT      0.000583
ADAUSDT      0.000836
XLMUSDT      0.000855
ETCUSDT      0.000865
ATOMUSDT     0.000871
FLOWUSDT     0.000990
DOTUSDT      0.001033
LINKUSDT     0.001047
ALGOUSDT     0.001136
MANAUSDT     0.001213
AVAXUSDT     0.001246
SOLUSDT      0.001351
MATICUSDT    0.001376
NEARUSDT     0.001380
DOGEUSDT     0.001383
GRTUSDT      0.001424
1000SHIBUSDT 0.001516
